54541927
75511457
96475471
318814305
171970646
205520993
230731377
360743176
134263865
209746637
155267289
134346458
360736163
239101020
180028262
230709869
293702661
193150834
103475508
234899090
302111191
188824213
205562317
297887457
159503641
209737447
197263896
201363816
205647600
180494032
176216081
137026117
255999732
214009305
293638418
239197996
63018937
113459698
296229143
284531167
58914881
155447893
331400368
256023840
167818105
213986226
113459698
155447893
284531167
58914881
63018937
296229143
239197996
167818105
331400368
213986226
256023840
331466254
226592254
155346983
81102489
163803038
184786288
297978902
142703193
255171572
474070768
373437367
314739105
184616390
381848751
142716552
276947696
197314788
176387263
306367804
264292826
310482532
159624145
268509461
148939684
276855233
159626250
176292477
214008964
234989233
146971919
137877501
309986036
356145695
318332760
318322622
419020815
4071208
289082582
293332189
284748351
312003666
477844192
293177249
272247705
273037203
6004031
268110416
310087551
284993654
364601035
335087055
322667675
186618207
354377712
41798348
152647802
294325182
33473615
293334937
273452966
20928200
301724781
297616590
318359822
300359665
389618108
352085661
380477517
439680841
364606177
57316427
307544659
301700039
158377757
440108670
326923561
331075194
351967896
437539786
389296804
4072308
109012885
312423223
309938215
228582843
448426604
356338205
360383684
453343911
360275788
423437235
12535374
318381896
335363036
255743195
414761149
449845250
414979304
16338979
364571494
8335762
25026629
326774561
401873260
268324280
456999277
452729780
88076636
20840870
12475847
17595286
29351924
327808859
456906357
336230421
12530999
468009695
96367564
41789384
12554223
41918467
50223215
335270562
16751580
377033979
87147263
121588044
4039131
20813478
97931964
46021776
58604554
473536738
54434925
142498108
136309425
12429372
33462666
113189443
120211779
88057115
5583472
96359568
146755052
13543278
197047391
33494163
143685416
129860520
134080639
25132607
133503749
167690704
16618733
41790980
146084231
138332776
157400787
29344422
186635647
209160044
25030240
63099433
153773769
155885463
163495288
46056055
201162310
214801187
29235344
67074482
178941578
171239337
188717432
46094411
208933968
238965504
41940425
96309808
285118206
176138673
198824680
79678255
241150829
241149360
46033542
164664464
339604704
201319958
201216625
134193280
267719810
310291101
58699314
169966676
234765344
225077544
134196370
268407584
362706141
76884868
180323169
267037139
230676768
141758970
280919599
100572912
376952381
292178769
278207095
232397158
142454378
308377961
121538968
280871452
232770692
142511345
473875016
130444185
306109080
280880161
146673857
133492535
385727208
322830542
165651826
142486056
411031009
364805321
167727453
174585150
427730420
373144872
197127752
180275110
475134881
381611078
213904471
201157220
234775867
209622913
280930609
314429760
306856959
322862512
387984786
326453824
327004388
356347674
376777186
423486985
423569496
427676897
297539684
440001537
147112486
322353611
180655610
260353980
138694999
226731842
432234851
390278217
92617529
218318411
457323417
138705001
411289474
113545882
197383063
327527745
251899239
314849363
235253298
203766307
189070355
210159272
214282652
159782329
187401138
361010059
371933409
159814228
264516755
80007288
327718601
256107950
152809258
214151833
172360109
256134665
319089959
168151370
180922519
247720130
304838280
273224052
253145024
306528512
180725090
209082929
113687580
445358305
407406169
155974760
247747735
105163400
164168828
230931978
172406534
256216468
285654844
122231581
268977858
287356318
272402537
222977076
168390999
172382764
323493767
84280866
235308824
180760695
163562625
428345154
172281142
260604087
189194410
314779032
260444837
222875726
151469269
180966477
138692457
180851979
302439787
160175925
231340410
466018448
205972758
151753846
285712789
126284785
290105005
344542998
164064284
147068760
180976152
134682339
253103961
199329586
242658151
479310113
231379536
145493806
176252300
151898442
302690654
100477769
151630795
172774639
168843183
319216562
151738848
394982706
168335548
176451286
474414169
164095042
298089503
143289463
189436346
139282437
337147505
121036338
227714306
197665986
180886047
72238704
164388415
281721360
181351698
235714730
232024284
373775085
184839641
268955523
164372441
180444141
444938823
260753696
214568685
151929518
313165214
172551200
185211125
378990910
218649012
139391943
328315960
248519380
192293149
169299066
265212293
147328342
393118239
197640969
382422607
153510960
180751461
222094066
56744504
295160071
47473287
269045390
248119077
161031097
227022687
256892178
177457665
272950022
424726527
189814893
479258691
222834092
185087574
227300647
379129345
227077278
193375084
147584919
231528389
261233030
89476396
277617014
105598822
221016637
261159946
336050830
277134264
169271780
198300928
261347298
198171368
264805512
17622394
265354427
235440442
164388072
369858199
72216645
398887079
173613575
160855922
306941321
151719641
146061070
138618670
193564113
144290115
432301305
286111227
257283276
169072906
399028294
315458556
440921872
283883330
168436368
289134050
34614330
147262705
173893444
209965785
277659279
235576318
178668039
257107405
466166399
312158752
151355392
217614616
299197176
466203507
223592518
177178127
172568394
254568796
210427655
219012230
317244135
252440285
189795037
261497243
219133934
104299413
213163892
135829560
476214722
151736496
155531665
320219734
232016174
143642811
332640806
261059863
343576818
243972211
168734404
397272900
247105937
138939075
290491455
215563491
93371547
202144140
322400901
232007056
224696074
151791449
176528634
190386444
202314621
181711409
227851490
248542689
218854986
160058507
407835040
155022042
295611602
295587807
146963712
421198713
311515247
381791431
210537557
244582647
228880514
248271398
165266351
193320890
105982513
295044694
324306629
202437164
218958484
306846783
227600568
473142119
157361548
151791713
282195719
303868485
164995314
398530812
168659473
68519251
145333806
182097163
185471381
257010194
307618110
97893555
260383037
299000814
202210135
466234539
142607071
265123096
125014440
277409330
305686431
136549409
244847640
159532720
59674558
458623896
314025738
175915324
161174130
483742630
261117511
110547275
181826001
361877826
214790157
265765900
332502194
184594310
78067570
298370251
232032597
140816420
228107278
160356047
470244699
81259361
225053502
206461513
387690461
148390012
314910565
181944256
395821107
201298497
252518612
286109357
202917838
441140528
196296877
319432977
156634479
240900608
280362182
126411141
214872051
77155687
284014410
382649779
383567778
43615429
197575813
215496503
140115153
336845323
307034997
391025607
294780019
191439482
54822708
189462505
232085317
266989210
190409496
386430832
93305860
215543851
137620823
135201521
407181776
295365346
214316646
144262042
244948586
55875412
315468556
143646176
353482211
188201299
398801391
93138826
288307906
329881623
198810535
449391332
223309754
375006752
248496536
161707799
262204581
287056187
216773526
220446159
228235832
148143420
206490909
152090040
248679940
225991316
205916707
420280538
291743536
86653488
270113180
296770249
454007283
186290386
156352529
142512231
241355588
193254233
218513777
144564178
77376771
165005578
168795314
306387959
341310183
181256163
150552754
162534281
154571112
293528961
165478399
134990410
273697249
278585993
248638734
154594228
128136462
295508972
485766998
287185957
219139833
313874036
241358101
424632966
152277652
340602592
368684030
203609042
227273523
308971541
400361583
144826399
372773725
60526697
251325734
148049139
300241725
207549671
138870217
195374605
186610656
280913326
160656010
252857332
189895997
174218377
159955172
427457758
195257717
183307657
212869861
135106015
219249195
136008346
150706549
244513733
353418386
174472124
144351785
172443573
357782265
223848889
202713380
139670541
141799839
256960168
180980476
314421957
195374182
279785045
182533797
197968976
374515417
241019211
483629988
163386222
172317383
191212125
203410612
222800902
211951881
161066844
227851246
139673997
483970000
179789561
162989751
209590719
174487864
158181026
149082457
149100763
169058230
194906316
180492665
352227585
2576470
98611496
218643818
203414680
174276395
95169257
202714408
210983590
164860779
156557289
235591995
260001802
225082130
187856906
337917935
55790876
194228098
210057121
320133891
314577654
197504089
233552460
285743098
182476048
228807035
161116409
186038221
236152481
261345145
190111687
71392662
409056181
99040633
179601494
98918488
274166716
248748697
266244384
232158573
155663634
151102159
191646421
302551098
224450954
203733623
173690408
212756018
381187792
261357908
248924051
172050854
483062660
317113598
157199511
187055209
345420419
182721447
160903689
161487496
367832439
170097404
331464535
386384373
312563711
249940700
102495599
253147579
462981985
316662354
248936914
188827995
67877505
194087802
154762230
208145812
30780882
236427999
152631919
153215807
174965336
123064474
82055857
149094271
169271399
266781171
64789558
207071309
156539675
156470283
169354824
205506966
329928811
173498392
287235237
145388765
232257586
85762015
223959939
220295656
430835750
141052778
130162586
319378494
329541151
270979485
152853138
165951778
253027398
248786101
446248945
238394583
136093277
248259511
322589982
153803322
286874889
266127864
186253496
174262552
181594396
326241585
92922936
130173671
166038594
459951192
266083072
198796204
466868993
211139203
458796198
281107500
162256694
453749926
205186893
216730632
156874757
56613101
144344701
144662126
221285931
405550386
138558439
122282670
174410729
391938480
44771386
156866101
213037277
164995973
165243975
33752656
191646203
168728960
318435997
233522917
329062254
53064612
307965584
337965312
447969031
189423480
23908109
142797399
409268333
157346521
179013279
203037867
286615885
324449426
173655066
134395974
275544921
142786712
201078279
200116347
111048179
279689690
341543441
255123133
187043666
253546050
197813477
159528986
241758352
292674159
165717263
190618848
345410401
169417727
211381519
142768437
95454075
156249633
170107836
212921465
193967034
112068498
211586003
150382236
187153518
187606325
290054702
239215869
245965965
160593889
249579276
295483306
404139968
173660217
194679958
155341789
332644898
119777409
180387823
192059865
211699705
246241059
295482454
220917372
271061008
441082831
225360365
29586516
287954641
188557271
190938379
252161646
253166127
215610105
207388650
327279518
284383671
137961265
201330409
225593175
249427169
231204948
224237213
157848567
167508379
244065896
460297120
59466322
329904512
166709854
232913695
148910596
295218418
215649321
174387691
222522318
137791436
141965055
134273539
213040296
140464983
284081172
245202094
175216652
269217787
247222724
215859555
71559779
362576360
221263500
279050939
256900682
357486756
442169249
138760631
265258735
137828323
156852140
167824732
375391010
65076732
132087725
94265075
120228511
99811322
185389549
171819985
184898342
200059235
171161633
291629651
178359270
483989199
458931653
168147990
194885265
305614767
186191407
24587888
292832430
136379473
291422443
253640304
242464990
472564904
445512085
161728509
209949184
158181116
176927706
81946771
289805538
265945603
182211888
222620973
153009233
217622433
235856432
79883515
238421951
198190947
133801171
269618994
276705570
145447082
147770971
201269460
470010801
134077508
326398659
128117128
67818409
186377214
192570699
474335126
263336010
167492640
213505031
121789752
239782931
235233513
326756664
153046876
230054035
296452829
268457145
168721247
17099470
255007376
175458097
442695588
145040696
333209337
169803525
175013120
346376499
364648772
408763752
432160227
389446253
195130735
306033524
266251756
237675549
335546650
172122945
54901290
468899417
167016759
216318707
145050380
345765357
205164359
139898615
320535873
201112384
211775753
138642691
304687813
174213859
197061401
170459569
238457278
330054313
136456499
177124852
262682144
63235182
225898345
161880567
296290650
249877103
253687388
159872244
383860419
205325481
262216318
145894283
431414864
220417114
151098535
262276280
170712547
196628746
163661272
223269127
257829369
193265781
24701513
317134444
342389345
207474891
157272831
160867744
253984999
90307225
92289795
180639775
322428504
270783041
247492431
303060134
345240888
108757476
176215770
265182812
248513199
193282316
142211594
212331244
165426705
257828239
220190915
176639224
216370955
144891291
58763620
197376865
241107920
90487683
117890314
438434560
95026005
179213581
201415851
265195934
296205762
210019448
179868918
145337331
216657553
159034679
335887766
180843545
240181691
181483811
92382004
226717487
368343864
107480709
407007868
165826920
371173279
254798753
113450889
456560787
139424596
260350784
284922384
220815754
145554733
211872324
358621512
315128864
380007047
296237318
155245100
134569493
234139768
153396080
257748385
165845070
352253249
137421614
245400654
146350850
231684123
428162205
92178902
158043587
325982409
350269705
413484448
397865185
346457756
461642503
97196987
193300497
174015604
266638180
299802958
249696574
37754071
154191531
181681605
302156814
424656850
122064713
259772624
166492460
191836810
143682401
157355197
30042805
350700576
64779202
126562188
226802342
217925019
132527170
383635522
161727613
218092515
273172355
427370000
318964976
47218177
218541684
274015387
178590678
355456522
266497437
245425455
206192991
271028477
296442176
134354719
483794249
167719804
203838518
48319525
484620753
422744754
394293438
188351029
431341666
143694867
315028209
167792082
192729797
57728264
270760977
312540326
309108931
203998943
82651216
138563634
113649647
138420367
233194632
358702467
149185858
322129653
42037266
259677166
59011680
168836953
63458484
239112484
263027488
154175882
375630776
102880532
319525360
338188566
134710867
146973887
172431239
226511723
237377040
242295216
163970126
255079603
155235760
242975062
105075692
173012123
134726452
276819577
133066340
368966585
392368954
119733075
143479526
199882842
174960829
160804690
294037567
247494842
329630803
65555239
195311315
91508071
247525813
469710115
159612726
237154089
197640361
75609860
258893107
171200758
157606059
253989452
235695541
220843134
212737062
172165759
231217143
322971019
174569284
230289444
195328941
153468981
29542959
217892436
176386384
297764497
231161665
83523615
107995862
196398347
157646445
333668295
30089962
262794535
468728086
184712512
151610076
96569936
287871058
271112843
291770952
329726279
96627728
251452741
256142226
76647679
63509877
83945802
187670572
337506324
161881003
153383768
160351609
392887230
133258796
193104713
294182082
142676024
178871552
74312937
133927447
200870404
155355890
196996234
33892071
76647725
76125704
134300595
225447580
196438803
317061679
467966216
168723325
145496135
242308546
214042645
101309881
394325587
178933360
174473105
65570706
148130677
188929508
234738081
54899659
147990843
105486687
193041424
359618542
444036201
195464540
95741887
231647623
300714196
447843889
138695401
105541868
12724443
170617756
187050131
26109448
289006474
193097264
230562716
168983513
59097290
180918939
268573855
217098654
438220438
153629247
242278373
13717521
132993141
99804669
139846888
197794075
88281589
326940029
254225255
339989314
175914515
205720701
226344571
177325339
138714070
256433023
54676599
359738043
133848777
279457128
136734082
47204188
342679952
87276401
163845839
287173571
214060310
65945348
170426456
96882432
180080233
76671830
167774812
181249519
176546390
369654693
132147579
58016439
217832085
225895679
216417939
147920578
136273306
185815439
153224681
161610535
264373662
82727389
162201051
117942043
297510640
138645426
58798054
197564218
223505204
59398376
184752560
393614420
427617064
193390742
157767308
223404357
204351627
152975000
163953855
235682198
134463622
141421068
107877843
152035565
319968146
138652137
104954827
243681439
349322832
151632575
187372083
230597833
440190151
204058708
245847156
240194957
485354804
339027192
189068808
105737388
147026363
216933206
204343371
466633400
93674039
147011086
138478578
143081009
164793918
155051247
188935699
297450086
230555165
409586380
326246690
332413817
187617771
83204260
424000046
114062516
167981744
166680321
326156691
106650721
138414613
159612985
314613820
155729996
169008306
193087163
176844995
206870707
119528102
162197084
203861211
139301702
112323856
83225946
80095908
148340113
184786035
154191467
158428846
199320078
96563949
356801634
214101767
188564041
156487632
205651127
327912809
121488443
182540207
208322482
156350655
162620784
87251013
255236461
84286586
462232732
214169456
238059430
183593205
417365948
99285678
33611766
268566685
210207826
195014379
226623435
72140470
171863151
79707159
292260260
251151253
153727358
87275810
230107464
151389011
95508101
277086353
317726070
127903377
208198577
104929184
84266537
42172314
327660081
206485918
239212640
156066032
211868216
138440432
143517056
250175233
154017518
180188807
209328080
168209275
139325819
42242241
404371806
256054203
226240731
460850468
202225169
153121312
315425880
314983770
195950655
151795797
92683341
167972302
138511789
196311520
278201486
260490319
204690582
464253643
79770495
223415513
56419097
120121435
114467934
156351390
108632589
60205640
222453451
199319599
164168602
141888384
429381420
201479459
120869076
151776826
237924896
167066680
185484840
179126196
42088906
227626918
176431022
101895237
26513042
295257113
332735772
172821494
150317066
383177437
167642058
147473518
92502060
59476783
177191890
201092507
338182369
139400614
197260206
225283564
164757473
176832617
219447602
174911826
42175999
156865484
164663199
184046337
191056569
303777964
156358934
17929806
96691807
222217178
152750593
133690584
356684432
51510064
141488715
64327297
304277843
175822411
64375998
33947979
344909946
181181376
330936128
483592513
201333871
135420048
55315651
209817667
270751234
307994206
230966532
259912517
85170018
309659538
161735521
20486397
170266542
278398095
159814578
165449850
364623504
93562002
139131084
261441820
181078319
468605787
92696554
449090131
115195908
388706857
360523983
269737071
169074642
177820152
135501542
120016494
188737970
239531652
140124104
64835866
219388597
68573577
151117390
239964295
170974825
270251124
114733997
132330481
134601986
155251533
178400194
185380798
85834503
26503528
479980768
62444518
361097640
186202224
155274805
320795573
64666534
130152000
227422294
45383485
224961269
159882850
86323236
159837433
205596770
234469106
56038799
81803560
148160260
34356372
53129520
136326841
429826579
37897353
182596856
194856746
151228812
203943038
18337814
57446260
147386746
153698666
277547333
54695643
179602995
354204042
216041817
341102404
322859192
112080908
216271879
140514588
300063384
92436157
285452523
157536418
27364937
312141443
25849790
246237810
105759975
84509648
200730168
159240790
126184798
173150442
119606099
105784345
183397429
161558173
90833204
178464926
142766237
195336163
394619845
118941229
329355412
160179086
309171997
378580262
139899130
154731886
361308296
270399138
484896319
131902926
273524227
305043267
199263473
145173369
229685940
159590489
92673952
228842411
131786392
144968930
164413850
147979442
313335640
147412803
172049259
234968909
59758758
159080093
136107167
152024454
133265962
170163243
191328459
349370345
132902261
180555013
145128111
152971410
426328042
167916489
136830633
185770796
141320002
427853990
205640149
73564844
218330485
186535347
76636474
259063356
204597921
137314694
193504743
105084612
240346805
232508345
153191937
221542662
50009110
141483299
177435175
110055102
167929524
42183673
182654537
29706975
44036974
68358705
94849543
229646939
122283866
157936955
137878045
147079520
233248603
102960961
227507774
311485290
208939115
156541293
140256239
235211274
172292112
245617766
75834199
278928346
156542391
145225318
45713271
175365517
49781162
176853543
180640560
173099246
198228082
152093264
142746316
72400421
141935188
189828034
214382449
26132433
358309178
92634708
253843103
91674746
208326825
150704753
104685011
72058001
90073058
245857648
92617433
187103085
353421317
30139493
171435712
198658097
478755950
349430388
391083497
119914501
201685445
140841796
135925761
153875566
138581279
29522786
118398670
167180073
95027620
163138937
136862630
223515986
139049873
297298714
408412479
483130254
169204386
341039527
195442654
164217465
417701261
341452151
44951216
155339441
84086974
374213936
321336144
100402791
210199844
157876368
140723983
138929215
322543511
129627346
177033866
93830779
353833235
124615462
76832148
69652280
219869977
178172971
96813580
146821831
365963261
50463644
141425655
214504141
53155073
134456714
154664939
177934501
254800316
218915152
135831584
77718808
127732708
54792143
136883861
271552963
219875375
176542477
188813175
370362964
217943758
165479576
143360736
342576133
206987400
310292501
45055132
256923791
169409625
153402508
158238507
64553691
271055448
82960631
307981140
50866066
71783445
382938534
56004232
193807257
196188654
32359716
144105498
173925602
242036924
173192247
421001681
141346771
137850425
79327719
229225939
137603923
43888870
63354953
483493447
123564241
219440400
97440730
175317189
162420132
60312715
94522358
23910645
378812524
89800569
99479885
152774260
245211047
124526072
404534102
175479560
143062542
44207872
240610413
173657161
231720794
179560153
321809978
403619956
446856870
33671204
144352916
450275114
31119925
58299571
186880091
141435151
140427326
234340074
176624410
153125522
421927083
43211213
344958061
163028417
225487274
94647221
94642813
100787427
165319313
366301199
54451082
335094149
24168313
103807981
90263007
116922502
21743130
199403354
61741676
307967171
160712524
175624151
183590320
169429616
140888688
134531771
224337018
165508129
197207370
154852166
36226756
481507086
94453329
146560812
146372972
57737998
127726389
53510072
176385463
184070291
155420182
194669991
182803651
442562246
134801271
320824328
50563900
157529155
41087899
271918795
383821392
41798772
135402788
213363678
136537395
224377059
164920585
283092075
418691083
404396628
187393850
224556596
39915724
126623405
76145526
88148231
221484850
238516460
136615138
193992841
38452830
142615562
159228568
94654603
50226067
89802957
140623262
333249793
61785211
174302336
30449507
107130850
143184675
59151102
205058215
314144542
156307089
172356316
83448016
105876355
186357439
251475027
56463467
94650493
142049329
149087909
175074145
249821469
114442660
304210096
319541669
126320744
25385273
259714672
203864400
281497162
22765485
6247516
149413718
108963842
64938806
195445281
142313429
442742626
221242906
170175729
454757196
278086028
37214145
160189600
252160382
222199324
178981264
92888272
31528202
209496918
268304441
417804288
136330815
179256133
146563968
153596458
108628242
139565006
61049347
52008280
135437564
76293360
58790375
334201953
424309753
182700033
31948706
153899559
410992148
153460554
87016146
286862673
191353810
68712316
145395464
98879081
22352503
35379939
72608988
69198284
142713014
86760047
76549319
166396170
121360429
162263324
144722000
132519483
31335860
362237197
166363640
134011889
193426068
132517206
123746842
107894484
315898149
174019397
184654303
466870641
99480802
61751242
43736092
196228559
176206221
128396990
141950253
36227893
159173522
12607181
69725830
148001015
23252559
84898574
320196738
27499934
199382553
147065791
154041521
154569507
328907637
320798299
198129910
148222068
162542377
238540840
135629130
323213690
176693408
218175739
52140076
277983793
200647495
197555028
142892953
127707877
95284667
448901971
215896703
188843323
277146912
163692527
160452436
168033362
180162226
239334797
206042117
272956093
127714522
144360813
178361724
115124583
132356963
176835327
241040780
356665572
198715922
21846368
244357757
66625411
168665077
138724343
130458458
147618358
84261631
176411435
177880154
214228349
457774582
186923065
148883617
145684003
165913379
170679608
102406402
399604253
105351426
311929834
38478081
102560430
206033368
172518814
158230845
43354687
140546846
189131630
277086962
25845672
36421806
19624009
246848234
328874406
167487844
94796415
156630320
138925291
13725285
337412802
193626481
162576753
84537056
63353585
173572092
283492492
22486044
40689910
85483738
313377425
143656707
209146065
291594739
92164324
132517841
175134412
143366916
146273136
265002018
81627700
192814052
103441095
112389802
231792619
275583952
135811765
408538201
315825965
158245647
139674952
101474159
229745502
428861477
161991509
451204016
156446636
137064125
181695878
169872365
334868119
144223570
135269966
213258474
265539118
144050399
167023948
59541442
106189854
49036520
76778124
352003966
81351942
200202082
114693140
87157982
194566200
95486754
95627204
134087889
194537031
155327030
12200719
223781523
144252866
146811735
10373099
148235502
88093369
173184926
319062633
105295843
309334544
236316150
65495212
74840999
167211558
259634871
222345792
194870374
256030544
121217012
54784060
174314700
84241617
83500626
140099964
155255972
77859576
247871522
2644549
190422489
196616414
272286081
49374343
152286485
18497139
33895911
219828996
20311428
5278028
140260669
139285083
141138081
190400294
17326308
130224853
193542363
138093255
292068850
225609590
96644964
254534577
192590672
14418864
214296509
230918167
148859914
100460305
240904321
404264085
258655012
144519000
227073112
109513386
280902759
143604430
129875747
86552959
361230345
63138254
146236725
211691286
185032010
356875869
431017684
199394025
52224361
68874641
237775079
136182836
52242163
286102887
234787425
97810411
292224783
309558646
118256627
101090999
293414110
119489911
185209509
54952439
66007125
326580199
333274012
157625088
271401672
100288813
86820126
26200081
19553049
143921764
36467519
159081768
47533350
17231458
289299994
148892507
95608209
51349507
180806726
119569566
65969180
144509434
161986306
137897444
55568881
450512196
155242914
132950260
56857112
272323824
139050673
234861773
35843630
431236265
81257258
60202470
241561839
175001962
279869038
32322820
222186456
59887060
349956141
26858806
262926766
158656887
44451598
143162194
138421157
212530796
88094671
151471178
215437537
195730428
233912631
142030752
220006680
59135908
51713602
149024368
94553531
187619915
163558378
94944557
233731322
116492144
260229130
28755191
319273204
14236770
204201947
211667707
204947878
137355770
85171403
182865591
178968426
241486010
133267767
159349269
19519543
52303876
142864819
285970375
160207862
155800982
195140390
137400242
217247707
87972335
133353155
43451695
114680889
73851738
91054691
175277342
134301767
183237241
96258201
29708616
123950627
218664490
271526084
259215426
131814386
43271685
21249525
47097834
154001089
279507235
114928731
52318900
115267527
90360341
51621648
330290186
148889911
82872424
248051613
169443149
60551333
97093186
9318165
202292683
152443998
312242521
467760815
151349843
251654514
318778965
166422440
71698170
184464371
328648822
262531911
43874551
155243980
235582307
92897557
203413825
126086599
181063416
205806186
233117708
143400208
298087555
196159533
362145361
204751057
105164992
460848338
142959485
49860288
92755134
273209033
88703048
202023777
172521924
59655601
185182268
26518437
181008716
244249246
336217377
26983726
139347147
78049561
151942734
111620479
164539534
147805966
53553824
323136135
142082343
53553824
323136135
142082343
53553824
323136135
53553824
142082343
323136135
53553824
323136135
142082343
53553824
323136135
142082343
53553824
323136135
53553824
142082343
323136135
53553824
142082343
323136135
53553824
323136135
53553824
142082343
323136135
53553824
142082343
323136135
53553824
142082343
323136135
53553824
323136135
53553824
142082343
323136135
53553824
142082343
271759409
323136135
53553824
271759409
142082343
53553824
323136135
323136135
53553824
271759409
142082343
323136135
53553824
271759409
142082343
53553824
323136135
271759409
142082343
323136135
53553824
271759409
323136135
53553824
142082343
271759409
323136135
53553824
271759409
142082343
323136135
53553824
271759409
142082343
53553824
323136135
271759409
142082343
323136135
53553824
271759409
53553824
100735814
323136135
142082343
271759409
139747278
218818514
53553824
100735814
323136135
271759409
142082343
139747278
218818514
53553824
100735814
323136135
271759409
133527520
218818514
155688877
118778649
53553824
309247440
100735814
139747278
142082343
323136135
271759409
53553824
218818514
100735814
133527520
118778649
309247440
139747278
155688877
323136135
271759409
53553824
142082343
218818514
100735814
139747278
323136135
133527520
271759409
155688877
118778649
53553824
218818514
100735814
142082343
139747278
323136135
53553824
271759409
133527520
138718017
138718017
138718017
138718017
138718017
138718017
138718017
138718017
138718017
138718017
138718017
138718017
138718017
138718017
138718017
138718017
138718017
138718017
138718017
151378430
154085720
158673697
272491821
116715389
134696429
22831115
138987022
60049494
210020309
184570200
138104688
330615389
409899532
188138626
355842069
33773800
222648314
244474461
23856271
202672819
302005149
133927373
175452311
63195522
227069694
284184368
226871748
53867542
169126931
30783353
192129486
67233363
192673059
171320289
138697524
235502038
261405547
201782702
159224345
277481511
114883237
213990904
298392055
196943656
292937977
142849287
51030425
320144267
239491464
299579696
217282159
411109927
123094041
376010104
150909804
360095984
197180509
194360790
84604131
290174402
217325013
237635802
134343658
324357764
322524362
171827057
243545603
386578120
267795927
248179530
172070768
223175695
129272502
323234504
92761373
159468426
138943234
469810216
372684757
320204194
97552483
335777544
114090615
170164474
189772460
197636294
472789569
402080100
162919521
260253168
151181997
159320060
217573166
166461704
370881946
381921017
139972710
100454142
151474761
147684641
147199229
239883638
47719084
151305219
46712534
150527466
96681876
461575410
93822021
129465095
165715358
190646504
59503715
136068996
323350767
138636529
139306947
191919797
348012499
185031436
84097665
207972401
120351352
193621581
276608695
134510029
303539498
382015716
192140537
164190486
341167402
142901089
153033471
138097357
311237360
304834526
197708579
281637667
156462921
140246888
155936576
157880041
192833052
172696034
205897545
335945640
156617793
269984612
444159546
445472835
143362524
182465177
231081307
150316100
192272336
218721273
223261024
35506624
63761635
160623953
136954403
141759585
42785199
274429651
59160949
75986946
210248210
76461163
151723125
47526883
146483230
213438302
197636902
49875266
56590365
105619637
149154506
235116856
273555704
159926496
83933651
248291517
299642390
147405983
168542845
152958363
206440307
76403056
234579858
143294962
220434425
198448958
171548218
52953774
244068010
154032983
264741585
206981383
62268837
134341250
118353892
249387027
136329030
169432323
143172167
286157518
89671046
331102442
156727416
312741962
198473142
305735122
103726115
139265646
287163236
202054846
206983355
141101245
142770533
151923988
316458998
169808142
189921723
151827028
289126949
76506353
151828235
165945676
117453983
456904651
159206589
395607019
88987696
100102087
105730520
139948126
242632253
134429747
169766207
361602996
190825540
189993701
181003706
84940669
315441172
139415555
136719380
129327111
213687161
177732048
116588647
143645666
255440156
147700378
257395247
408782045
159754561
232702758
76564208
161723594
328763082
307149944
218809984
217572114
158179734
134292698
89288297
155180957
113465063
167725539
256924224
324844575
181265246
293150784
93843806
218451509
153174655
85086539
89893776
139458672
89204255
147574381
181884776
162525081
374448585
138609295
56340474
167865270
289303184
139560260
50302855
219226611
437856391
385508738
155806728
220310750
143785746
451286895
420309406
112606350
428551337
213596710
154260388
110318522
138621020
161215274
201404551
277995323
155188099
3494660
353417617
230650300
85640862
193563183
195270469
143792958
141007864
55741366
137190650
257078371
313771940
119223895
139677982
176295644
157066624
84046127
92282867
273909974
172128312
135521032
334164484
261795853
248097377
216403952
181523926
157774506
320193745
357737242
194238382
155528647
274399904
106232767
327314165
341656879
201525435
92741446
64351394
147893045
143834766
46550815
207395395
143263055
317045549
152604780
195480899
60203706
412228085
349428639
257816508
122340858
181743439
306931190
425563007
126588165
152520822
240148610
369614560
135678883
50744237
161480962
67887936
94894798
177691677
183006756
64717655
110292155
140620802
273282163
135618204
198563600
239518395
151364299
123303967
227983387
29285495
89222521
139811976
92774787
287397414
140178670
237464987
236397989
132868592
178133836
202681683
418840403
144867319
169218916
107945382
280040789
235232925
224334473
198806543
281609972
35325168
139862990
316977317
172567549
34376178
170510857
165146929
123754636
158100154
89509957
26018103
458979974
63898455
187669195
319223585
280376213
178283674
55516879
227944434
249128122
152465230
187049649
109786648
151847472
191559773
132976991
291050539
154842919
240486963
97486085
321308465
283024962
14592668
197656769
144859545
130448090
135926801
194660089
291403743
190182299
134901137
99084103
239921800
271461516
221342306
220075260
326744104
223952935
38888306
107503145
195082293
149157331
202047956
144932909
159827522
60644121
161053882
103279386
278234252
157780628
143426250
420299998
300888485
186688564
158510407
132479202
140189076
85021357
143056204
266427762
220760998
372646717
128235641
172438131
220026835
106584345
178091901
135163666
229071785
135157119
296215283
235978067
224470302
149419763
374433153
240831775
102119054
157867255
258216440
308817000
202086850
174626442
134810321
98435344
62136861
179702987
186112423
279414835
156106812
166822116
181534917
35862144
198956757
184091855
303269173
265749402
69881891
280000780
237803487
311269342
23682636
277406461
203431970
96383031
60813398
186116676
179098696
181244006
296822650
231601087
283589187
132335072
288913644
182259706
152620730
153702506
195430680
485272834
97477968
299664475
357139714
241184310
133901601
210818674
190390421
68095733
40741375
87156806
261347273
141102644
146593590
140733737
81889489
131842813
153852897
216408736
246260792
320147004
161832495
118140788
278901755
20919596
19473206
144357408
133156382
51494201
226338795
36497452
229000082
259833846
35963328
140770958
304034411
258690087
241781193
112090812
399824459
322036368
147474039
180019662
62805726
120142479
387646315
143829262
137560391
204959526
89548773
321529783
65677670
124257449
165918246
40141703
321594541
158043514
367510801
39376109
69801438
222940166
198184263
103504149
167748132
240923396
28886859
225803208
473304802
102302835
179948194
240933704
183006787
31789988
102923174
84375652
247259055
248003777
60336684
150332173
143348782
153306580
229315262
623257
369892629
93189454
179604302
87554274
321107759
104895788
141160790
313222142
195425123
132818978
346918526
372362926
216992731
106466968
158715442
168549422
153330028
263034342
20378319
470539740
194332626
150401812
469226885
163835251
109115947
183068686
136097292
78178911
36737153
175360591
137794810
82861705
186176260
66877638
143429898
136598302
321776349
34142308
170894822
131484448
146570599
133719243
135864802
398528457
137108012
82654988
90771167
66210897
200582416
163156426
336834517
253500443
280887175
458171342
73804240
326033239
89081541
195363402
150720874
139889478
226008817
131814959
50462313
132634133
137349659
208212395
165609500
142501089
121574199
87242846
463242343
25192578
156314720
90572279
137437540
328379394
56586032
142385889
110723206
150566183
207313236
147374199
250590202
351639752
24924120
29195428
104271552
184461799
127033942
84459964
142686764
152160974
132627558
221920643
26658593
144661054
150789244
140535888
265997867
305804171
230815469
70542553
363889694
158443182
62761291
154582819
29352491
255201124
383663966
335743511
156382682
145334027
16750687
35143234
150657259
291532549
159163013
169635355
226146922
42242037
285794653
116494678
162177536
138286215
192861124
230630621
247229405
278930362
234970614
93504165
153708947
213179865
39243200
295791333
157601803
132595964
240897570
71089677
147289437
192272487
346839916
284220346
146672768
83453551
97071467
67045824
35670888
277508644
78364239
101931531
427897402
85538295
320324155
372021508
148043433
441402825
134017144
197588929
87482848
92896543
187853513
192801789
26511067
208717636
324021143
65087902
42847758
111899466
311636477
18217354
35757042
165820288
94834450
187649526
245207387
146563947
88689321
166582323
146239605
104127381
20867929
168660846
143995994
21095709
199317215
101561949
288132375
206915632
151229195
86344723
199355822
142705581
200310745
81692115
199890145
302820757
48144937
213312087
70213319
327140951
46175685
391020653
84607299
279001814
30592592
141390039
71733041
51754231
120584383
220367131
91365754
167867123
215884642
285013218
76363241
288830493
150222667
168957590
126026738
142703551
43199709
71626939
289766400
47361634
11494588
29919910
60174860
461093425
144919332
129101742
138551633
358517933
156964124
323981262
87662272
188310206
263110663
323134092
171997423
65981644
147112798
140757728
26515816
160862309
34302435
160848535
120693605
182693844
167889336
37028537
153220443
39107604
180235996
221912681
141674121
150642502
184830049
21100380
49802919
180614209
430169536
244563232
57194543
236010240
181761957
58026562
270770413
180579378
213442343
161630935
273180201
135707216
263847919
183694477
192932860
277206125
54769775
66742079
327389640
86286835
43446844
102428976
134602633
195019432
141808512
216352723
138896115
33340130
184929677
306195858
102253506
71088085
276227318
83184975
34064096
151301241
163538138
5648279
90509028
135707928
303795760
66406612
269977281
146317942
82174454
269088552
108767752
153315410
77112373
100776530
138367061
87350318
109421080
138820378
109487764
155370690
92189903
132518451
232257729
90064640
156467656
296644854
192334021
220620458
369946463
188442901
90526465
93907158
138471783
306446945
133464065
75992078
268860799
21568725
172772647
38536813
136725031
144326528
137872123
127890277
469698746
337023197
262571004
63800827
58655340
92121292
22820755
163642376
222779885
137652393
316111902
218701069
34160575
178100164
218910409
153566849
173808045
136927065
108153970
67257616
279333264
160341436
42094944
119961151
39658204
163689461
235409874
177070614
154596217
30092342
50885230
354175458
26173233
262597683
215005460
223943901
281174883
57141061
207408444
268549231
248824545
113468897
231046111
176905218
134753787
241623581
96608113
88571627
170041808
390335493
271654095
223833206
193369479
164496563
226244337
126084128
88601775
43593696
73550466
125876254
147012676
291073724
427269085
190034758
94683215
233685350
231749332
160860925
361063527
65805799
34637201
163916953
76507554
184831933
199183841
224492510
77587818
414227436
184828546
136854973
159619321
163514928
301699163
147958038
86462847
206298888
100304709
252192791
303045415
295528501
59302039
161121093
143393826
22428810
233437618
174182114
93081406
119231008
16375858
92575772
204696109
315409901
172736975
359224467
136531374
147925182
201307605
338671583
323675012
122996738
417082909
69903222
48518455
83322187
69419891
452551869
122726555
47621268
146870246
71393524
173203893
275445243
166053714
142274462
140449054
121039814
151979465
203771648
136945717
270776363
146750534
289657566
92090286
156942105
231178162
138412478
145541748
144858105
48905506
155451762
164501643
30002720
174298389
152484385
189188414
94776159
72274578
137868438
68861581
150547503
331843614
149429356
92195825
232273792
133715254
51768077
226161103
131707639
157040821
318076345
206625080
33142701
427867678
165085295
151283345
120349833
370658608
316856077
227649795
221491096
165475679
147295194
164609386
295605190
473974885
151311120
131883944
143610085
249667211
227838023
324918240
143542628
37021534
259329724
251117084
55623031
191140075
217323228
313715310
179219286
120221924
36015755
77759168
55062449
64056139
197548957
195171637
267935650
136866835
81742649
34082802
454237429
76947284
273162448
279611591
70714029
226253437
246137071
209074670
221234262
56826418
357216964
133381608
187222986
30298901
97873183
226137337
39776864
284263502
182696050
23089913
309075526
228949717
16718267
43509934
217077450
133391653
410443135
163445147
25085157
165928281
93878691
98634387
58881207
254763895
481599063
26739566
66178996
250495947
37637972
190260254
92305247
16090097
134917527
216884005
148871733
129492264
45481737
182006538
289572629
203649939
132404584
145834868
460426045
325639737
146040406
139071219
127682204
25892219
155516940
280666673
156710618
188696215
163131072
421587816
342066422
131901511
305507776
393346576
83306484
3261979
41207468
18154939
272628587
302119282
133254604
136528976
34009648
183506198
196751971
123064231
155108030
185696293
56767946
143293799
32831775
204209761
204952346
124811325
145828633
37521219
266942663
72617261
151278393
314157386
214411938
11740572
71440490
365982260
409482357
160768314
147464824
90379823
213350764
207115932
146190266
99515581
238263275
94014725
110019698
209963560
23879295
388742853
270644793
142303290
138091162
181600491
216687554
45088474
72426838
36715709
151936334
96592718
169862504
27338502
225921738
41340674
394209669
145849927
240389027
112736016
121988087
175890170
142713664
188102603
345195207
61351193
183483412
192562468
138611744
14820363
12580584
112579833
47208076
26583904
71716219
478475211
165004782
138468063
210153806
234698172
448236181
39136620
61770302
104618329
95158312
295062573
158650708
147798648
76344566
15532281
148115738
66729924
26990780
92615640
163552811
297202134
176547093
63631928
148203005
87903735
28512134
108816128
18092554
188629432
31033498
139517611
144856294
189765959
167487189
35298735
73828940
184988798
142729802
47537741
122397632
135963229
104032507
135747094
230476298
318822634
288977811
116773661
189921051
27443021
148258039
329188280
287701832
8147843
163975075
197518003
147284451
86835137
81807935
25257943
79199649
23917929
84094751
251103078
86457325
11337249
135940485
686989
96449967
147985417
15873992
117964371
132898529
202323805
168670104
207918588
134226369
121207323
103654957
39040704
96502607
88234466
20749251
362007582
55076732
37343923
35572710
134738053
135309073
154292866
134897942
166150256
80806897
96620798
34056156
99599051
159784676
9267362
34767635
31723247
247109763
264447871
97291595
81368077
23829372
97619852
68008441
159873905
28933607
143248247
298059634
201989170
365792712
102621587
36309379
34561719
251405326
313426241
207206509
152111237
156295140
100415997
74158607
176652902
336440901
34853795
54950595
139234055
16312697
1128049
106646779
21204815
100502150
194892539
51520760
402071542
66418921
68526037
97680916
176679674
151208209
286735775
71708534
169122663
53558303
211029520
135458231
335433266
352802268
52453269
213237690
22156734
121126275
59298160
25809965
278495498
24421012
169693672
102620820
63610095
177170900
64387768
169958123
113712419
68712590
200164881
339596370
159071981
92865317
45505642
93714186
64257676
73111270
35691203
28002232
74804518
23319738
34476820
137511902
25336659
278354628
9783602
18634516
144879353
126402034
96247503
467468540
329281291
212150300
81836998
82559812
335133132
346817869
12644823
81436833
25599347
197773470
241546866
25027645
121553724
153397048
132405163
174266983
106991541
32444192
159000566
34300507
32445634
87814542
139570908
55264530
27387437
373807321
64945037
226964275
132794145
137586457
19261524
40101604
27417263
99448627
255094881
105084155
130750032
127924530
144820595
45556769
28108292
408898388
143397343
60708610
187010230
128265137
220365444
206875265
29742932
32650339
160175898
95458850
270855798
203041173
120154915
19855076
76206354
232912051
101273193
63856905
15792464
152453429
371676235
34670173
183547517
172747791
50883284
34822830
120430481
158472076
208539242
19736299
102449293
97365146
20217467
290413706
19823235
11696363
69822864
66609743
181243423
19418064
230095997
87940865
196714024
91566069
87193994
269293233
37380129
85445342
238073842
29121983
133173065
28679873
124461523
114504117
64132028
78092048
207672727
235810036
36353202
95603073
446357940
60148582
41210010
39517893
98938177
299148209
64211747
107763056
428835586
178155326
65653555
267568874
33841989
155175627
152965079
119650158
76129607
8630711
233306870
29365084
85187588
24237739
143879698
174838160
360257711
132070826
150291516
97235215
245513071
466192649
123994197
323146116
91493907
462668403
104125720
133486894
181603715
16773370
6286988
355573732
176083055
57434534
103625277
34635758
300095557
315802073
186281750
412832241
132555986
185764726
202450484
120622500
174764001
294815127
337016226
271429719
353195570
190510976
175399988
93785075
243308534
25146084
40094235
146173552
419549128
100622960
184379320
25867125
308158872
45783251
31772401
170471621
141701309
134137599
4279537
222499818
56774906
279989773
79821957
211322903
135872121
175791678
473298400
145145665
267446108
295388535
71530267
68209927
130802204
219067144
436402129
104767372
63387288
227912309
85632552
34156733
90242460
82188957
17619302
106728349
106034488
146964382
306078971
93719088
107679069
50225539
49865285
268808790
81228410
136709570
86777217
160031432
55428146
419447492
237530696
356563157
138861076
319663520
123071755
34421843
14942935
119437547
88354960
36793392
140769141
89303106
58094019
442559527
5474180
473757152
39102432
20195665
164280911
166506347
12318381
33087916
64792288
11800701
9871838
99420795
279372935
57755537
147886960
140394424
47113589
242029565
200965920
238434950
483780908
53841391
295314055
330086302
90791350
33053241
116353624
70283615
139839382
393909543
64823388
313484833
29186943
283063391
264563986
282754691
66041600
159794233
62160925
24271734
45309858
139209646
189433037
120886993
37211586
236277934
16129880
37425963
463070659
187181217
26110932
136596994
63512495
22427217
150628774
477482756
137169146
58117618
224570138
123133279
74012233
25340637
469280394
97859295
137038678
77334612
37404781
84486592
115964991
30899670
42109327
672523
338974569
140207208
120627040
106247121
100751876
135870312
372994898
96331189
31563345
208159077
138361959
241553837
283187702
155772138
4869213
147789927
389407437
32730108
374070428
30798665
16124298
238919674
67520432
310634642
379941474
98224816
295436538
145418024
138527875
92938565
29247019
100968408
460824094
21262838
7961264
109718618
52116188
63285271
106016642
23645706
94163927
23967714
120903080
319553473
97333919
303819735
146689488
42110706
151725241
436867517
32136514
253028643
195603566
27572011
20180763
7606241
27175060
307287513
90513647
119405283
59601513
83295989
89430072
94443342
270450275
256863455
321472196
116951371
96699526
183187692
36150764
131967618
31963729
181910604
18009753
332861468
9540911
17735119
9397141
56775139
7068784
5568014
223980785
69328180
178641221
120225855
6457427
91140488
14694505
57540376
15184796
107922230
55841193
209491306
81174435
27702655
12563380
143957335
7069498
152071977
100958977
127748537
99007726
186214006
53509055
49268406
153260203
40411433
32669388
11473067
3366802
27106982
21655763
157404610
33126849
116759234
266813352
119250034
62036173
132539433
36349956
19804966
271888288
28542464
161598127
88193326
99139753
31211428
144662022
79175493
24858190
170555077
20083391
153704908
330984579
87854274
165828182
155890358
140469790
66735295
145605908
54333716
33162446
217583088
7893515
30524246
54276618
20090012
316799244
323574967
150494405
251976886
89494511
92095576
8333990
12069228
146582093
161491347
322893113
200574250
9220546
165938952
245971788
290277962
188580571
240443327
13346718
24855920
134049050
42153410
145449201
251196435
186865585
42820986
38765142
62005055
310783477
105772550
9145164
41789603
285029361
11969833
260745615
22069487
203638790
44210532
240358521
110135095
10623671
10248804
139703943
5807593
114090923
25810309
292585341
22151318
310365825
130219467
5443637
170254715
19131915
248841230
56433066
73125774
147545907
413338048
27851325
17366708
211301993
113932239
87042503
102161256
396636830
64360661
190552660
136786799
16146385
89901535
24035887
134976627
16183598
20080514
132191835
351633710
41681020
128072702
33241151
413604473
400473520
112172211
61929222
71294395
6648532
28714282
59318866
11387495
731215
305173070
14728815
141305262
271016941
60912573
121234750
144493819
103632190
12409591
150983327
71203115
234371593
7973245
158074739
23262462
266558345
383753587
121840441
54105361
26814850
4778744
206239285
166773680
224946708
166505154
276012644
149153836
13811624
5761843
365780818
228668166
44909524
233609974
206243065
18268961
3348182
39825171
266740542
57858485
203847018
68387665
3480497
74322072
65113905
57196170
91586651
53166152
19319972
239626747
70664292
171017624
62814809
439596256
11697555
146026493
104350906
10322551
208899883
175807909
61975796
137872231
21450591
28627705
139939322
134787634
348038063
68698862
135316607
162134545
67453642
94166364
276608769
223512018
61776980
70277854
139976668
24336414
189663603
156130750
20682563
37909929
44200172
24883502
30177874
3095384
29930051
59475822
265122210
155978383
276238842
97475878
458794113
134021159
39274866
458669405
452318908
56289121
39304878
312147446
141875166
48208928
132400863
90391831
17821632
140668750
70186951
160442735
45855827
65378436
103460469
103503628
208384247
74202866
254551005
31805918
95287689
380514487
154128348
150035089
280075059
37036056
74922473
62838889
32120261
268361649
134437407
252103320
76148799
21764697
223092224
26097039
32579614
143828890
26488283
60019618
55935883
278550905
123715237
157233545
132207865
320567605
82374921
24944533
32276295
146426437
205413122
54588808
113968240
273441271
13429462
23387735
110120463
16657972
188211284
48874199
12560797
7887845
18778197
6947096
69782809
141840036
226365298
21816280
147370244
303404397
416464257
37593696
344508694
472075344
239399889
138115872
69347420
136085370
155429197
207808148
160619365
162372061
204234903
167952876
175402706
276859558
227487456
117472556
314272147
116946038
59095010
256519117
247106305
236329351
101393530
155504354
247849109
85870973
85022616
226722627
206758959
114684126
270582413
45513089
151634461
156487919
181094826
276844983
152185835
201586438
135746571
160353622
155527391
160300017
416881201
151468731
140267232
64302276
311951944
84348327
98768487
196957164
46715753
105174160
190294937
164799030
273899023
121804904
156162711
249760146
177126873
358126993
230986626
250056039
219448227
134711139
134564744
134824311
144782775
178014760
143179761
231069773
97647493
142628350
170989829
161031197
74129339
85756059
143018527
223401849
131020326
163759964
101453498
328845355
211485731
109445939
250356259
416421459
139109767
4696460
50760614
278320041
214289134
335573141
132762904
179436673
307357063
256895890
163040736
132168011
232885735
206298418
185275124
193179651
163978310
105360962
182114780
265761341
55214763
70243232
46893863
142660911
282257368
145475704
372774496
211880693
387078116
98259572
435715436
118576785
139352152
231464321
140351442
156141629
269107363
306445617
151478907
193777875
142333140
59468494
140151592
88286653
142281619
145827694
72662865
107182831
60910216
259668986
261218895
156960240
151914441
152517942
474754968
223161008
30190387
248556723
134624180
155983227
168716061
88818944
324752794
184252129
157804417
220406422
155541150
160700446
58991899
279132063
194185009
256713746
169308671
280491037
202406350
47478509
152467481
206720159
63274080
147673482
260918970
186401953
145668915
247233053
174407735
21637807
57597073
161086196
287562690
105976174
340603823
156847384
122749133
133699263
144125550
126979135
100766183
159813560
139771530
189205252
266613484
197210123
263993914
89288543
174484635
303174029
186189692
132451105
147725005
161189734
180458257
244359416
71827501
175719876
138588258
226739579
131718912
244598437
86285371
76815710
243681534
167158219
262569425
278392410
203016072
216758632
160340797
118002416
131828988
136204654
152416766
35368743
145448074
160089335
98116611
150147331
59748760
240452309
84335198
183045443
217678480
362446118
249249078
202448687
181631662
87037639
67864688
162992629
85969137
249564828
42401243
224004432
64740991
395969779
231837288
177571803
31279150
113867119
409371264
83567939
56876509
69770731
223424948
274747211
181708562
195078520
193318135
178457940
433774430
119527025
186930687
140234099
32990040
97678597
144135193
64859079
42726781
196198974
419102077
19360052
190234767
222941890
182679220
106071555
203471969
168735712
263164641
207218453
44618245
31556811
17620558
154123761
68449356
203002137
223065276
102876809
269077556
183362195
413998978
364033447
298647922
157479257
199472059
34307855
132331433
157054428
169966169
147589029
87153850
35765928
241113220
178148021
151988537
183389767
34595946
128350441
259135602
233008734
275163649
192453075
195080907
141942240
135019269
58775861
101697109
76491124
98382812
372503898
102882495
48336007
90180785
70586021
183432984
144838094
165468065
473125528
158140409
103860456
186992183
167156982
145637363
424351972
30857656
118541269
153375328
198377918
287230028
107232143
151369581
62278280
120582783
154184361
173283691
475877356
174861444
159154117
188321279
265188755
282121678
51884324
145142245
337790354
93448568
22387578
37006503
178523062
162584421
261139280
132134810
86207517
29595081
97949401
103975526
135947036
177175838
441347264
159096627
229165869
388559394
353832666
199831533
23407468
324321655
147825599
145385904
111541718
325571993
276699870
35789399
137574359
288590432
123037162
51661149
136211410
164652400
121787426
288279009
215581056
254462286
45186128
9526152
106269904
124831488
141108351
170179934
58978919
224934494
138472833
308498742
159646720
41506757
106305097
232688283
378546865
75780602
204946292
174844302
133379509
333023202
190133504
174626439
194575937
463849966
153585437
153969535
134361973
155250126
26720335
138832432
179932575
312019022
197455802
82719892
232792929
158889769
175339376
341047709
225680616
382316781
250117903
53509668
158212422
85511565
188816382
198969395
298526316
72877563
272199263
277614014
200965724
137764012
98024006
367915649
232510803
25672560
90582722
90113266
345934650
133163710
464110109
64342804
195892745
194549576
115984156
138756869
186053078
145492354
154430366
158727647
162124087
142312520
128468774
60904490
303340330
101293499
107074806
31983588
425593885
40579469
43261938
90026872
151024604
19947064
139154815
144438904
217492103
30687343
91567039
182012134
280944109
472416239
169859894
208040082
374366717
58451434
127924822
99269927
146165721
179300149
167948076
137550423
29802215
186753896
247046070
146539827
14232348
166345854
47731234
149183549
155889748
117412398
376187389
182392176
140275352
335537458
162709102
142876643
150627257
30037134
167474344
222340629
284063259
241653380
395814161
217834795
85552281
72434947
188707037
265057354
170130610
245833197
224358271
414403094
155440353
84779331
177603815
112946127
77122513
137173716
370784809
29531554
42023912
69456789
259341700
363058472
266848817
160444130
3998292
65832417
400500093
101541689
80402219
176674861
155444086
50224874
296190761
157616835
21160908
226396628
22150081
188900577
65091738
390007706
245117164
101334034
189773385
170631367
102966713
26213332
172201363
263356470
25179387
34726749
272098681
44401731
84197300
57761529
21289088
343938726
140564975
178947269
75530013
131919003
76577668
170811045
126927610
136892936
109429159
90541326
284576102
50847846
135522745
268377677
152874583
268903175
133541712
122069065
296335120
197266496
10535108
60097421
140593063
263220307
141115633
28869109
219918232
95917996
189057629
142874154
176699853
96619577
104148546
270338787
92880061
308957674
121996609
130528090
31773347
105782730
61974339
144725136
149583559
19833906
47552525
274426995
87354846
86689903
130818922
197578982
117874485
50970807
142130536
113737673
25021661
401290934
148219658
167837828
57873663
199325067
32354827
192698655
102173031
141395273
356090884
424033466
185140569
147166128
179604088
35105088
378033284
133456992
101556969
67914917
213207178
67553831
74750427
429938655
284178365
133108024
70224010
77150863
121604296
105989675
147059861
288617118
75995283
76537530
193300945
152546201
17799486
189182919
239926070
8542809
179552907
141119895
369459578
212801988
134157351
161644539
209040112
348623994
109969461
21689076
86291158
21587545
98087259
14027215
155945798
30497939
151928487
11320697
150451543
325796852
151645807
82813247
96515562
221622694
101267615
31548932
91602340
115005918
160053888
303981702
344737848
26614276
157242856
38815530
101895684
71542018
183481688
82854735
326316608
163679871
33731464
410368589
192501130
153160714
173452363
69144230
34494757
139209304
156904913
114215849
335083670
18139978
17121271
253174939
224126210
141904549
264828856
166280793
121777039
51939676
165335857
143616767
322509807
34682059
61809593
186744931
177681540
138771681
133969157
22238289
309368250
309290280
154434464
311008045
301594990
189925639
106643760
348256017
69421316
173919054
160713623
182651892
104640997
68384683
9314849
116493018
221605790
66954488
60177763
229961952
331981041
269534070
142505763
287226915
19176369
214174496
9863171
115458504
41936055
194435643
112982625
93381294
22293725
133656009
173986553
253415404
169056259
89617735
47644086
136470085
134192164
144750825
146501270
248960335
220932109
103535985
419676668
32665770
266024247
29388794
68665733
48088699
145258202
207202371
151641338
104305730
142332520
159354903
20687745
254757718
39612117
11373441
160033135
228405340
172069804
66741828
33614958
400037214
371742804
65016768
193626266
400156129
147610167
82064985
179366179
243575010
27682731
90216280
63623877
40924589
333392717
228568583
30086856
29531780
77460026
18878792
31655606
226134126
239713669
115683527
203134864
62243697
186703459
71531271
34651294
231439880
217367384
150013907
137366035
293815047
163795026
28666037
31769431
10195628
201074582
76302003
146272097
56554736
79224617
182968747
216140358
138723649
69513828
202191269
150962901
109562637
28658978
171153070
76244045
73093069
136889285
255622532
171389163
224723572
31531337
50198022
14877793
228361396
65507936
30620661
42126907
226844530
84610833
229345298
154487362
175472822
23535329
65655167
329181885
149309420
222111850
186738262
189470036
47499712
318983887
145229747
31877484
338451332
42453755
134981835
23615791
58057118
141948741
99215854
86754887
151070048
138284238
181187884
183017396
344488975
8669704
53463098
139877237
212941137
99012557
59498791
319681507
96855737
146154437
162974960
19952206
42244297
19596129
122951534
399661283
80631200
83741643
93239876
20060634
67485358
99704515
72118440
161254588
245983765
155646824
41877631
20800649
73068660
200053055
176911158
136737407
292574350
137166466
22238067
160308581
26861634
80366734
70039051
18767824
57840855
156073202
103321457
176963879
45739864
112751714
36861924
18313884
153810450
480652925
148502070
57187372
336126012
67577427
244165113
94365240
132513387
137301888
974011
85212701
408351330
104520220
91369798
85520908
175671815
242168426
105106905
226344683
248509147
165219674
70857859
63965712
328086259
137532275
195927533
134836428
17930153
25872543
276472234
157240155
77735654
485351555
217318731
159638263
256894243
47480803
405728065
104109306
295721846
217269109
147784310
37269047
75001192
30110874
67017892
324272745
29103437
172230018
32522359
111211672
255568344
29816074
102178262
207616333
200733176
50549726
164634912
15539997
112463692
147584698
26464190
134537516
95472306
393833562
54954441
50002128
291863968
125617310
6062962
132356350
288805712
446681413
58971212
11743558
188071543
181337196
143962849
30290734
67657948
435120844
97927507
465112771
16360043
12468544
246096357
700891
224575029
87567557
18552826
121791657
54212985
22170789
460841082
101290839
290639896
76969962
86129980
71857269
152340632
105292943
142723956
19851595
46762406
16464330
19185454
104465176
161319134
126900064
184710949
45512015
151652456
92910803
135679124
74731971
323956340
277471609
38189853
260196747
63723398
70261745
213547380
17114925
20688495
139542608
31781257
244698161
12522884
83069016
21835763
22078719
143113580
34819422
4657027
240478788
213789705
164097991
89464053
56540863
18773904
235946313
377241658
63294640
138104967
47186207
145277865
152211405
34345281
76658974
193408080
49710559
456461161
50283380
378408969
46196043
20932301
44124301
62804443
112996117
63310151
216328880
57098200
167021275
483607391
19004371
105565788
188755340
160586758
8992175
139011477
13409757
371312605
173041971
62945038
41927315
134954698
134572676
23617358
52494198
20442179
10931289
30090581
31342761
441169007
17396624
150525739
260719758
132331881
89255110
64484981
58923302
92432812
160558347
164078367
27807474
20516784
33708911
60887850
221654742
12333531
311207268
278215818
38460116
277537597
227720818
84290160
81342607
96707287
38090686
55220942
210894332
65541991
63058651
64524465
165809799
288764366
134983291
9715783
296624433
26009200
240156653
51778628
102227028
7033717
440541336
294503301
17730704
224793522
14370445
172160378
23376814
64479907
139821461
28868507
172699831
28113939
10155675
88394700
5890261
145509524
303184962
470005170
30276706
32407240
148377525
22684450
54484837
14163164
109312099
21839993
73727249
353249728
303815013
142872520
14256344
87174496
281296656
135471637
152324591
303843620
240636276
40892072
124074138
105997013
222533023
172931198
248418362
243584381
92195585
19175022
293961355
359871957
140011567
165231008
152234145
135869044
221368486
15098921
24622068
136593178
105618875
27150542
22091649
25691533
137931495
16354784
437908499
26005640
360128903
136121912
169018489
19246718
458807832
94934246
237293404
136723967
29877981
59898943
89468647
360490235
242162820
247156827
81682307
169059875
53381210
37374581
144553610
166800089
32124914
39562015
98551708
147523739
160857255
141766459
72515017
113928045
314339948
182315128
21002974
193197124
20519206
59588315
342864849
174498542
144388538
74172928
420917516
191882363
229934304
218755759
127086368
231305571
238767
71222768
20648542
236121099
20908295
186687143
273529883
94955053
366720463
160587209
152526029
30196553
334191368
171336933
417283701
235544793
6726819
293869726
21209670
75411142
240321427
228611078
101710616
15002703
13887914
18666688
284231169
300161580
235713018
17672389
9577592
91743669
47299913
100966901
63193145
100932002
303270549
101719404
14020834
31912894
65902555
60673837
170981714
94030379
209232733
21815032
159078694
223509231
132763406
222572179
155337464
328398894
54922347
47538912
250390184
38959360
69064761
86528153
147832909
123410210
302894330
314098978
418249662
205168217
32221018
285622716
424852182
110138386
63319473
198368370
15419593
26655426
101898227
198930286
76546773
90015493
193954920
37362640
12365584
35478104
164545030
92871132
139734874
15662841
332525071
224172900
110672481
93450833
22457976
36439884
208884884
54180752
198179347
106811927
95492470
7893024
4197068
170548991
148119131
257198164
9924764
6380425
273642060
202846560
212655743
95758537
113903555
142033944
32755909
115352319
134399232
12079446
366986146
42653218
169086619
43430564
14056530
278359839
134843032
254243761
14551858
74412667
20388842
150836842
375407240
62167992
137821672
194073559
2830137
248428534
323653475
172811607
389440082
51810675
44138638
128916942
373143201
67822565
15900441
456647971
28744248
226967860
219169160
129419515
386997670
277883102
232016935
81533383
224946610
27151192
80663679
146055274
56061668
28516026
369045221
245360297
17293431
7956544
27500291
68324090
192335371
437280802
324314339
64931731
157865724
131602290
53869303
33430041
45281992
77399342
9593746
71593801
5167643
16399525
29037450
148033083
7851516
217219656
60128224
65083359
346649312
131667123
79076162
14019630
123600700
293912198
71145200
17903137
273601688
118357425
165137126
293642024
88828105
32379497
67520732
197392868
389757480
153794338
147201719
444589908
232711674
390407748
337293921
192354492
172069486
101154593
151019653
335556137
345621170
199204533
167776966
229667868
168203428
325410204
155808888
134955597
332045211
138916129
213911707
94975923
375122046
210130211
156220470
205920731
369666061
143923923
201485386
308379328
82645671
240652931
214762060
166492271
116502938
169810436
269416874
155945247
29651967
172610886
172470556
172300331
134257531
176718501
137178286
156226253
101601737
167612647
98385324
232781417
105321968
193891132
190049920
68040162
337701260
161880309
161448944
151139136
139330889
358209338
34842816
144736955
243888257
232432484
197550259
289959935
51529643
159463674
143082621
201845354
212181334
127068898
111000728
196598322
198464219
270830405
196888385
63456279
77954510
260350978
124230361
327764242
156462677
258716451
319453636
152166267
181152078
97832387
169951437
354040484
392334378
194377415
309861489
135689914
178396913
134498135
451729008
94935659
222827815
457857614
266072234
146037244
77756523
193678465
137761019
399221941
105427936
144962120
139018916
181884425
199236578
190877709
121284019
42492294
194469069
140395694
189495300
141593810
212593820
132276572
31824691
153664550
147928153
412859712
361484212
151801180
95520693
395080304
257692855
162712537
67767132
89798902
119582672
157471340
280860384
139349371
399211966
184052141
166754746
82062808
305481202
198346641
140461157
156004792
220690075
151886500
378282260
69091266
314958779
164299355
90344174
334044611
141401604
160390258
85948233
152526229
76662886
121288892
206747321
150670238
198954765
122667307
144658220
323950872
158379436
31122890
80913988
325684373
161451974
18437137
337354965
166215221
105316487
72752883
133222271
26398497
419842300
258589855
135508596
333760404
282040689
194180850
156072000
132993011
107200503
144247856
153383552
9670617
137455840
71968331
119168342
255014223
168555283
97927003
340124458
169072834
410677877
22378624
225586405
85324278
39080851
170863092
211900306
195338119
92069230
154373393
81484620
91580191
89324240
66463676
131987630
118185003
398995538
215387033
429091204
142623288
80631300
136889847
148364368
64423819
376684605
204570435
392557336
403746732
318538400
151894291
258362623
18579684
360396188
9290282
211987434
215284246
181857698
176759025
46865010
251519239
223798944
270223170
83311490
106531437
279290444
137580737
64502594
164835228
182449023
321340193
76938771
322717708
316389837
165683632
89610978
216403605
297819873
148370579
197875483
165204618
156970553
161493900
194768153
219455648
79788416
37391262
199563890
324184967
137788753
449877651
215095429
312838488
195587955
238973083
102234832
417701101
362597667
202460853
14371707
94522001
82785209
39829396
86407968
99139406
318907994
197005847
200864886
148028746
283577547
160763237
135943659
137208642
262618221
22281594
176284204
350141682
30595890
417069501
455225967
201224772
234340093
90836822
199673976
118903806
306518544
167391468
206923649
95040962
140042781
131957821
137299838
106652319
446913131
408890972
92426025
97826612
65241875
64984565
246823719
57464457
145342692
107447952
236404306
145653176
397114581
450265352
67316574
220516852
220487411
228463953
242062629
156638528
239201262
171817384
249648234
438269004
216247140
267862144
145070328
171200553
140823792
166672991
101554504
40963773
87921987
156702157
260608288
197545005
327313726
291785753
271444074
148322747
199640371
132546114
40431537
178459439
368875818
213236242
158189206
192471343
281459236
130627955
7600159
184365678
144512325
82933977
422209988
210490133
208045309
22651071
49247651
188954087
140813221
216380787
166258414
217987276
167171845
24715732
26511936
183526439
277494590
69079623
141507826
118584273
124876412
187666669
170684076
67381758
201605252
189708599
141002812
216378669
161976324
78592782
360659015
170858622
180975218
144874343
100552640
345366089
145641587
129052521
25025470
134790679
110495843
272903975
175019072
194656773
53114200
137500608
172132400
208112748
392730434
46202894
177825608
217836471
212902705
183597426
292928662
17669517
59120748
62154689
227289247
207443846
193283201
31043038
194188486
7652607
141647130
256912842
103322405
195691322
116908106
87688996
270112748
90612819
281097064
151635556
135255204
271584124
51618603
70423790
23227752
159869769
276523106
151754554
257874672
192385485
119004785
183150507
212542278
213527448
168349341
140237657
190796483
250667928
32551683
185816984
17963844
63082330
207803499
288905045
41496384
173199858
146768639
119670050
44890731
163081235
110988580
70080763
164279066
326743871
414049690
40577137
87315257
250066845
244984540
156383988
260216902
326825002
94766295
59556136
196517585
40036265
184072565
167280428
77597353
137142160
141510313
122995464
148119459
448597947
15175518
384261778
9045420
22797820
242580846
216449437
50586275
68336631
274711720
141149707
277338346
96090526
142963355
154046758
162277931
165624688
93876385
43443840
141847351
100596560
4153773
133546413
261815617
406031027
112067356
133259196
141415689
134547017
67078329
199986214
155158303
338192891
279959313
32335097
23696668
80708682
183612967
62925446
47622116
27347451
137816121
34470586
133188131
73138886
139017568
143643898
90830062
153455309
134207954
275628837
92561082
331519371
183170891
170203384
237749080
196583534
65076432
88082491
60220397
178872542
302554446
94909527
145479485
266140658
29564601
80790522
92583154
135029769
124970122
17245961
157655386
65807700
104026210
121744869
214509620
274262193
411429946
97117609
139674854
138226815
84981807
183879499
29631435
138694635
103811217
55145472
137902726
53117718
67241522
91201586
24624248
215932141
25429055
137695785
35978971
113968903
414567236
200292574
64389182
413269421
139024697
142887761
50661054
41092757
187609454
79118096
100988877
102183801
217498814
133907972
321553494
160104758
7845119
61024297
154148355
21722419
62294738
63806944
183618802
31039929
247921717
347218723
137891098
146462344
151355099
16562223
173518319
174932675
202032410
185855847
136556737
138797591
76290285
150313439
50951225
98399262
72107191
120828250
470640578
83622862
142353981
156943735
162163985
66656381
336186832
16362323
189087324
70035948
134923591
154319309
87255202
171458917
55510874
182332347
150215596
59693556
96245520
382368951
213659358
435720576
218533605
137895407
29201283
182302194
153336337
61808057
154336522
41162959
329508093
25436544
350434964
200550059
85064371
135744783
180117587
180122697
134132509
141881912
76039238
4335666
236984674
102582366
238497367
171230607
26857453
168720766
166461880
115683641
247358240
135807887
145553143
80269347
167682950
184520731
171784424
83646230
188912759
375311755
47929141
326399786
137470145
192478977
154873851
9136124
234345279
320583491
166568287
21904266
251534290
62887221
138954882
87819424
12923409
318043605
119219002
136209083
358777848
201077692
209561172
81228752
14495173
297385067
139331247
169059086
107433059
203414359
67107224
286239596
85783526
138183865
34003000
41851106
137735037
77945628
7730588
119825882
182970692
103697061
174003890
382541074
78218243
177355204
50547813
213876322
97634118
239736514
150716337
14693035
393630925
68014005
58169696
116558657
362519977
142479374
92224176
191015151
83601141
134355845
60082056
149578664
263994704
130194688
87595719
745658
132203137
163162558
195582887
38456226
70784179
3803103
205349444
144514051
89204741
155178859
138553149
282386328
160211310
23866417
76849981
230947435
180264937
241758090
143985901
88115579
23312252
133375269
5611813
101726661
209571863
69042124
193190368
71353735
173104397
43354813
84378223
131902836
71357988
31377441
134207565
268486008
19199291
58649738
20631572
156314693
232703991
159329497
176180476
193686503
152480312
22885791
141774538
193374250
51057531
103624279
40963678
19680187
461595916
141196769
126944253
31534314
357617860
85650150
205674181
377410417
173448756
24787325
209949728
42624002
37086396
82947099
59361703
115729994
57478359
29366313
25546330
41947473
220320641
139560238
58970591
31405391
184689276
31346458
34548755
205099436
261494884
12179573
142803725
116587301
40544980
20151159
17224310
49873457
206758881
249662868
120007834
201617515
257990241
27270485
214118418
238118801
260914249
139923744
159529204
29751334
50748204
208934382
189417627
12067916
95030008
348306909
401008157
247757195
160738990
270604556
44008274
415360528
22744946
245242251
84405479
216031124
146433566
21754631
18339011
120346301
3929563
239753279
266891602
142886546
1815590
194312637
46573413
136477177
151312958
17372126
281625550
150331417
71443145
327661641
433265317
84136539
9502152
59479719
139545075
132822319
201715820
18797280
134632192
161705021
25626844
50972367
315952262
60688573
119620486
30797869
92754274
91279348
139416978
163899043
21889174
148529736
174836509
143112637
86439678
84347159
44349204
339504140
235425172
92868513
34301186
79244788
25637921
150375194
182317446
160499211
18265430
85066361
344218369
447420470
241625322
38322029
220911740
164041380
106371410
13347020
71980949
10028287
329086760
25764756
12147777
63310453
156017509
19340752
68351769
153973140
30113183
367564294
48906434
266454759
114295112
80374783
44343012
14100749
27259526
16284810
101285585
134603841
370486092
28269702
55411334
52524389
343811491
25863957
7338355
222990777
59511115
169303239
261864530
9175387
31605750
113871596
20488272
26584169
50973349
40651913
68096764
367723059
23345918
40845603
50986775
135158342
43515543
454678085
144088914
36007362
84787839
146648964
269074766
49893107
139142065
101643387
149159839
141360508
141694551
103850021
63712814
143563821
68707377
186818568
10217919
260907500
106506971
109833471
68897032
54164122
152576380
334548469
151785943
15416808
58566874
20025744
139220784
147809755
144241984
404575233
220229606
78266719
445446136
17731503
238732083
228177145
223393202
37045811
158585849
59594360
225629184
20747394
17696457
156784950
89245959
22348605
10527946
145285630
20244571
34636781
14678210
78920064
221432176
122801802
89916048
114113366
53720865
11682152
307784798
149063351
156294443
18854993
76799674
149657410
20190740
55741117
87384682
64123499
145276427
272435615
135223425
58356326
18764463
165513054
88364773
76601291
165266589
270014019
158060296
212082433
44279950
132797841
24440829
146088325
55841476
9793030
69106503
34679827
69175126
8972569
190421792
186842962
253295343
64154777
69659313
23150800
221535196
113102843
114923074
133906378
110343042
114612677
74956770
55625808
280542627
60925841
207199266
39469013
22213260
180559539
90010059
33151794
456028245
95826245
30774023
86284032
343963807
64416631
9633067
12539261
270101741
24765891
69438674
114440101
30277918
94037800
154102552
40947092
30888512
318344728
17054050
137781541
74013375
22261828
139925330
58419794
37407558
94050135
111425601
18660688
258856157
85227835
116539873
198176121
374844438
21269801
133299417
230060332
99420827
152252435
47726860
120897720
79349976
135974675
90598950
94675579
20493214
26725370
305409243
421235021
28066991
96396342
364272231
369401410
137117562
106234353
167624889
37581278
51982983
177905897
124185206
169804445
181744188
118903339
43806578
87514304
67199421
87580450
13112727
71143662
110993008
54571422
181706066
268468054
302983544
25504796
65737172
19014840
45801940
152475775
137827139
35027326
151101765
52387402
29351621
84442647
12729756
32669054
324695550
190845728
193763934
35983876
31691292
162072786
121138768
295319198
52408870
33409654
276310303
12777509
151685638
84099902
12747887
73273534
60372955
62011698
67257541
391800743
77756860
334136316
203203982
41711336
169899708
198591544
465939772
364772555
285581934
327319565
81365013
398786803
144438539
54186860
108183972
35491481
358883579
11332632
341586868
55878701
23232446
21834049
64472541
20913040
25499588
4696508
17428339
257589365
102600784
102802161
20151620
139486042
57018468
57621543
152165844
73968980
39490425
71122044
67381402
177045547
146764393
252532576
13294201
140286848
30436258
349122568
20465984
123513945
58178976
132549201
116334798
103073336
106074309
456911592
222122013
180808737
251594264
123020634
105393372
131815931
444084433
211038784
64830856
140348402
368797835
170413130
10952334
177863043
144215843
360818505
355548944
46719373
306867126
314126978
122243486
33193352
140698390
378766793
22014320
173912461
82312188
70363579
111221509
51734031
63540309
28345745
115988321
77745342
113301079
5927921
87690127
134827346
392419986
5735513
31395788
99034188
64947624
476762292
357027090
20750115
1555107
13148783
185343423
27524014
272389144
38002212
94802121
342220208
26580991
45167458
60819582
85850348
141408820
19579106
67834212
122511045
65844665
27591876
73000400
137675608
169206539
25038313
61499848
6103207
258418751
43025080
224333034
145776665
244199689
178940468
101472292
265353362
61195621
154481032
58999541
117143624
19766842
134061671
82758098
27021032
166197961
132234032
321923881
9651947
413100872
460992725
13619773
156320070
136704958
71706905
115803966
11941726
32506792
8720874
32678074
120437088
64858689
153149361
162117971
22313168
132186987
95250892
181360131
363309660
320029514
70660791
191215551
141770527
33901092
175173351
10873311
53564442
119746613
110247770
212984256
140563325
300336662
132984825
153690948
94077551
122152840
131648698
266517570
203809322
92624975
26615661
16586588
70352135
153230212
178354532
311727951
66270840
60629349
141347948
360096775
148411925
201750073
342217386
118606369
90369646
201675881
147310112
375605164
20126621
158380992
94538745
10178455
150177454
20083220
3689285
162470255
64047355
47664604
71927615
236210879
199376561
277745064
69512251
243707280
180896416
284465307
149040917
24228707
10254072
142031376
95491885
234432842
87069655
77013880
236287937
349237645
357288613
22778604
89321427
15896679
289992351
343196089
174432442
268351664
173727546
255403284
3384271
141009853
62345951
77905101
156234549
47737014
409496587
265778474
472245574
183794247
133472080
13332600
245515218
364397182
28638112
8024135
303732088
44141153
196304100
26335880
178788770
82416238
73858659
64524359
19359545
81272569
21812619
206327961
82008616
16276050
154739660
18919026
11021600
104138551
157633377
39034995
99221573
137020945
133193201
23612347
97438467
251625178
70930594
103290730
30270468
137851760
349658982
19234069
6292790
104180506
154900328
60526665
61650255
388703314
146180487
40272810
22686903
170110910
146443242
84773420
16948088
54458126
159266018
18896221
121040341
142396184
22107101
152768738
183427425
137122092
26901162
448373663
128414138
186866183
146472076
9084035
403645306
92223561
240522760
10772893
32333483
57302799
150333247
320495210
187487536
242047135
140185257
233260504
189097926
20693240
77892723
17417289
113153087
101923194
128487649
66905315
70254896
107149770
28841686
328930224
11521770
107888431
20729000
417043039
346565884
93806684
77902641
256407639
160582891
255749096
134118456
104697279
31870617
384878083
165533317
58300921
141488280
103781115
65628915
29117131
18668365
32166753
136648614
164774225
218975959
276801385
119977771
4161777
26365106
209529944
44268992
290749710
36836247
146754232
352081574
116182826
231955484
34714702
22886752
149201416
29610049
153639021
121750420
354704276
53072506
146809373
335390604
41052892
91598595
315950418
153879455
56408354
258263457
72551522
5564568
33720713
287793093
33246641
136675829
230414766
29800993
74159863
104222464
137454206
154026905
151029855
81510527
207391374
9805863
135371713
222447183
63086550
44526311
422317810
264241025
16590780
63306964
204571654
125527024
98933045
4474895
30632885
296669470
156074975
202771657
18733507
151287638
15601861
23713020
28685564
42780522
8343921
25039745
221363021
142910017
115776293
52619945
39040456
54797509
155348031
211034807
52479100
32341160
38896121
147673338
239258413
62762376
53644476
184713726
119927528
32215019
85311972
219393137
142920486
131948499
153713934
162546535
34320013
58538719
164405917
117982718
209525528
74622071
261363663
824859
30877232
182866119
34187451
174744719
29807729
342994009
321943989
50705893
51386425
52597873
193391162
336906773
16800636
49079730
152565046
99827056
211530349
7134480
336104391
57871305
45240497
260516283
13886996
56859376
144758075
34214879
20317804
130460751
136173953
85660235
28061574
178017881
249945867
112332343
8519552
39005121
95581968
17418383
52828787
19866703
176511382
76347838
51937387
253407723
137554415
116164697
255568633
24100698
330904554
22389279
202048805
145963001
50946060
25904190
262558416
243684993
235943238
131669379
212593001
154333957
40585696
124210403
60701056
3813728
171104459
26744624
143379500
285972396
113868141
266717020
34066165
5962352
361699756
37146108
132615726
352083806
434974892
157046663
29010890
229853949
22597835
9267992
332203963
189302472
73130605
51000965
140293409
280362043
5940514
485900457
99530738
166157485
75120622
325114393
162464179
47841606
345855049
93156842
97198273
55332077
119962921
111241408
348716589
10529199
162126298
171747491
243782288
182964602
324594879
164622493
137904448
55636494
18915862
239905837
181198883
147942148
28855397
44159011
186697088
20698734
74417480
409408190
437265941
172950924
14135404
64831276
28967860
60767731
3666218
241672637
150428035
178422800
117233718
206582861
15932909
477657038
69788737
41391619
102891086
323841207
125445859
127796784
21884359
74034088
54067481
44821457
6483084
254740309
18103402
136889758
145878747
68020806
22179750
144757889
287070838
134101600
150967040
181313641
179865001
19817384
29259971
360191879
144224630
153662024
146180442
72417755
10751747
38843290
25084352
132049496
153731643
451567607
12251417
20068053
83857089
8414531
14112073
292054252
91751539
175356883
75431198
101787861
134125540
5373256
304199310
23830931
79369106
125867867
23758270
224626812
47681674
153552362
86470451
18284317
22479250
215119413
155092370
17912420
65873388
273757207
8597531
42323251
208850489
52838645
279872969
153730785
20629207
237481788
22292487
155271240
43066338
277971991
137109126
87812955
20739456
35017682
133521151
43619443
86461619
367618891
150641713
40453929
63148343
26548040
56166957
208448485
101417953
22324907
191360676
150745791
372750712
132549923
72919315
103461480
24926302
82399714
22559964
151309141
69450106
371737892
283603913
205916600
60084332
272333043
255668321
156805428
147160677
64972542
43446821
90777728
139010185
114654439
651465
241978956
95311415
41255552
286545698
2659987
354037676
183181246
188553582
155763633
51982184
53306880
223778041
1948002
81769387
40934794
17385609
311691557
23684659
186647638
187405042
13546984
9079213
26921022
30367053
183597446
104735861
7390408
221375278
17405246
103298093
26741418
408831287
271301091
38752613
24436301
26993538
43756540
3073206
21749458
11524653
20066533
444470821
396811957
131516090
14687273
455798639
85120681
318649031
1955657
110828114
52029469
133974163
24158776
37661282
179759983
131601614
24238482
18935450
61602407
151902608
89795443
24461837
3366428
27152008
28756174
9542109
14288695
45625246
66337708
350992430
65031082
159175716
190135070
43912986
50408023
108551330
30506567
3102764
25278484
59277821
69075644
79044104
71603140
19130976
345234476
182933751
201434897
288899943
169331847
14831096
359805469
3107761
112861869
333251246
67097517
44357628
23303154
14202768
5904944
70400412
348182788
473457135
150525261
222123823
23297719
27334224
81722556
83974488
185880225
23334972
22626594
161169115
99262585
46683736
419488163
35943821
35599393
4027547
96572526
16471320
14718205
31607387
111381274
152542134
48076698
120460707
35971031
4392648
160716650
104901610
35615538
28940000
4075004
202904902
266365022
421688193
375236186
63314594
32650690
12625665
204559701
144632987
113313874
8256082
16931113
141418806
44102686
2282598
216419670
69126256
107332710
50226318
373435238
177654596
302045173
190771165
318817457
52767871
20873734
168965709
119698758
53521347
65517153
136728837
150879923
41633681
104837572
9077629
224329851
161460723
50765922
17005394
61761009
132333747
27666574
27901959
304549330
171283723
30622847
17373967
150900624
2135232
21556168
151252777
2285069
86934912
172432112
140782197
321292438
111171040
23606115
204730206
7852630
5131495
1318174
212802122
209721215
29881388
444829468
279166773
53231414
32013352
23691001
136362003
343458925
128253699
24701682
231620960
296052635
735809
17080737
42623991
291905627
61603610
27895766
199305223
82430567
22702238
58170858
329567856
28507223
1697167
67786032
158304485
29059092
421922485
68975433
99231784
56315293
35915462
313097518
3843360
65536424
101280872
63390118
14260125
33911881
238371974
124275735
148230696
19649774
111382155
65351285
275400897
7106273
345447259
239495469
106491050
357359531
67381151
250586167
132570859
183262801
28038991
304310128
36465070
346322277
142174656
163182817
347854877
344346757
72636375
17689721
288397768
57215928
373286277
132597799
28132393
320414292
16629410
6124611
60709944
710291
72206788
79957790
7160244
88538725
116478927
15735170
178681374
20757465
313351501
44841622
2141864
59357140
92571089
107857792
19623605
118425747
132790227
145246699
24112675
468173161
49459353
24922597
60207197
471528407
82554181
13202603
7268181
321477198
259128684
168831697
162580933
69029717
99512609
6942387
37616235
191593297
9134514
355118540
59294275
11696090
7369469
216783324
13764747
183611351
145727687
15629562
19797253
50127710
233485956
12032269
22143606
71851515
36836718
15211531
92791306
403125326
221356587
123294143
121356705
108850139
45300064
2893349
72540557
118108159
100100743
34317198
89489916
330176080
99781154
39623403
133363753
12479252
62065477
328395476
12354776
120520954
183627655
42697070
139173447
141534016
15867830
7323784
376649344
12518060
146087484
103648807
45143134
5478107
189070665
5231696
155907074
152211764
3523609
451824985
22215115
11916080
70946583
338767061
132393160
185654470
30705868
193791963
200416678
56486453
12537180
167040504
326508195
122983963
2339431
28510556
121611010
9545861
323824372
483640737
203270875
221594421
183877307
15895658
45619435
272020588
3072100
184636809
150290339
37265984
22574202
13837910
273880047
275253578
284752470
70398218
167368657
16338129
40771718
10086913
284510695
259543368
287064602
12155917
152174943
225676564
20314923
376806937
4154174
208582149
41854631
17207876
14346518
45498024
5602717
24427993
242438786
18312234
230201959
25270448
66447649
60695362
132663521
20499455
54822261
35322148
9871789
57566781
4098010
154499595
326668102
163642399
23687420
37266229
150456903
37415454
89563348
89757106
327497326
135881181
267693073
7696442
20640417
133632182
21202478
53930937
69138207
93726879
63118477
373706871
135874405
165212805
393518297
21505508
27499811
47619911
4054350
20214696
108643692
106416522
307855016
5705582
8150437
104222395
18547535
29619633
29031776
4368304
21625488
12363673
28937362
148144207
260195621
9068839
10399051
141935742
21566808
54792892
76497139
70967578
55199587
21036621
127765093
201130420
8729405
77247547
71908964
171352723
22755987
113499073
1331098
750525
12447283
29356590
10410347
180273807
315094781
71981500
183902014
6580021
117649882
60512017
399640525
53573870
38532618
4281946
23303851
42243628
13351403
919363
134352642
144330168
163021886
12975685
186700776
465348694
25367610
39839103
35989065
54830029
72680816
23911705
157011721
148330475
79455892
326609770
6606156
8400349
191143531
176357768
247932096
68162402
299336463
193033685
101426123
10340197
178457568
83412662
22073001
8410205
216205627
147563827
50847637
151903388
5937245
265184478
150529809
331592320
6774408
69497368
153335901
12527042
218454058
216224276
197993306
160307341
6006844
9652322
154726161
10912020
425395599
25638716
241010598
25104273
90747962
17861705
269185529
23370453
44495266
320611807
154732375
56369152
55004618
700953
34672306
38942165
135922354
6283074
249714489
18106847
29878101
165486125
23765242
167739430
396918257
43136653
261627088
13089512
403570262
144629450
59362154
24109551
194832786
179839102
132762678
180333732
44684830
85235337
461556621
21529141
11366509
27945076
334025709
23090982
194424251
296893670
32455446
